复飞
eb 90 00 12 00 00 61 00 00 00 00 a5 5a 00 00 00 f0 b9 00 00 00 00 00 00 00 00 00 00 00 00 00 00 00 60 85 00 00 00 00 00 00 00 00 00 00 00 00 00 00 00 00 00 00 00 00 00 00 00 00 00 00 00 00 00 
eb 90 00 12 00 00 61 00 00 00 00 a5 5a 00 00 00 f0 b9 00 00 00 00 00 00 00 00 00 00 00 00 00 00 00 60 85 00 00 00 00 00 00 00 00 00 00 00 00 00 00 00 00 00 00 00 00 00 00 00 00 00 00 00 00 00 
eb 90 00 12 00 00 61 00 00 00 00 a5 5a 00 00 00 f0 b9 00 00 00 00 00 00 00 00 00 00 00 00 00 00 00 60 85 00 00 00 00 00 00 00 00 00 00 00 00 00 00 00 00 00 00 00 00 00 00 00 00 00 00 00 00 00 
eb 90 00 12 00 00 61 00 00 00 00 a5 5a 00 00 00 f0 ff 00 00 00 00 00 00 00 00 00 00 00 00 00 00 00 f3 c9 00 00 00 00 00 00 00 00 00 00 00 00 00 00 00 00 00 00 00 00 00 00 00 00 00 00 00 00 00 
eb 90 00 12 00 00 61 00 00 00 00 a5 5a 00 00 00 f0 ff 00 00 00 00 00 00 00 00 00 00 00 00 00 00 00 f3 c9 00 00 00 00 00 00 00 00 00 00 00 00 00 00 00 00 00 00 00 00 00 00 00 00 00 00 00 00 00 
eb 90 00 12 00 00 61 00 00 00 00 a5 5a 00 00 00 f0 ff 00 00 00 00 00 00 00 00 00 00 00 00 00 00 00 f3 c9 00 00 00 00 00 00 00 00 00 00 00 00 00 00 00 00 00 00 00 00 00 00 00 00 00 00 00 00 00 
eb 90 00 12 00 00 61 00 00 00 00 a5 5a 00 00 00 f0 ff 00 00 00 00 00 00 00 00 00 00 00 00 00 00 00 f3 c9 00 00 00 00 00 00 00 00 00 00 00 00 00 00 00 00 00 00 00 00 00 00 00 00 00 00 00 00 00 
eb 90 00 12 00 00 61 00 00 00 00 a5 5a 00 00 00 f0 ff 00 00 00 00 00 00 00 00 00 00 00 00 00 00 00 f3 c9 00 00 00 00 00 00 00 00 00 00 00 00 00 00 00 00 00 00 00 00 00 00 00 00 00 00 00 00 00 
筒内
eb 90 00 12 00 00 61 00 00 00 00 a5 5a 00 00 00 f0 a2 00 00 00 00 00 00 00 00 00 00 00 00 00 00 00 a2 5f 00 00 00 00 00 00 00 00 00 00 00 00 00 00 00 00 00 00 00 00 00 00 00 00 00 00 00 00 00 
eb 90 00 12 00 00 61 00 00 00 00 a5 5a 00 00 00 f0 a2 00 00 00 00 00 00 00 00 00 00 00 00 00 00 00 a2 5f 00 00 00 00 00 00 00 00 00 00 00 00 00 00 00 00 00 00 00 00 00 00 00 00 00 00 00 00 00 
eb 90 00 12 00 00 61 00 00 00 00 a5 5a 00 00 00 f0 a2 00 00 00 00 00 00 00 00 00 00 00 00 00 00 00 a2 5f 00 00 00 00 00 00 00 00 00 00 00 00 00 00 00 00 00 00 00 00 00 00 00 00 00 00 00 00 00 
eb 90 00 12 00 00 61 00 00 00 00 a5 5a 00 00 00 f0 ff 00 00 00 00 00 00 00 00 00 00 00 00 00 00 00 f3 c9 00 00 00 00 00 00 00 00 00 00 00 00 00 00 00 00 00 00 00 00 00 00 00 00 00 00 00 00 00 
eb 90 00 12 00 00 61 00 00 00 00 a5 5a 00 00 00 f0 ff 00 00 00 00 00 00 00 00 00 00 00 00 00 00 00 f3 c9 00 00 00 00 00 00 00 00 00 00 00 00 00 00 00 00 00 00 00 00 00 00 00 00 00 00 00 00 00 
eb 90 00 12 00 00 61 00 00 00 00 a5 5a 00 00 00 f0 ff 00 00 00 00 00 00 00 00 00 00 00 00 00 00 00 f3 c9 00 00 00 00 00 00 00 00 00 00 00 00 00 00 00 00 00 00 00 00 00 00 00 00 00 00 00 00 00 
eb 90 00 12 00 00 61 00 00 00 00 a5 5a 00 00 00 f0 ff 00 00 00 00 00 00 00 00 00 00 00 00 00 00 00 f3 c9 00 00 00 00 00 00 00 00 00 00 00 00 00 00 00 00 00 00 00 00 00 00 00 00 00 00 00 00 00 
eb 90 00 12 00 00 61 00 00 00 00 a5 5a 00 00 00 f0 ff 00 00 00 00 00 00 00 00 00 00 00 00 00 00 00 f3 c9 00 00 00 00 00 00 00 00 00 00 00 00 00 00 00 00 00 00 00 00 00 00 00 00 00 00 00 00 00 
左副翼 中位1.5 上偏1 下偏1
eb 90 00 12 00 00 61 00 00 00 00 a5 5a 00 00 00 dc 01 dc 05 e8 03 e8 03 00 00 00 00 00 00 00 00 00 2b b3 00 00 00 00 00 00 00 00 00 00 00 00 00 00 00 00 00 00 00 00 00 00 00 00 00 00 00 00 00 
eb 90 00 12 00 00 61 00 00 00 00 a5 5a 00 00 00 dc 01 dc 05 e8 03 e8 03 00 00 00 00 00 00 00 00 00 2b b3 00 00 00 00 00 00 00 00 00 00 00 00 00 00 00 00 00 00 00 00 00 00 00 00 00 00 00 00 00 
eb 90 00 12 00 00 61 00 00 00 00 a5 5a 00 00 00 dc 01 dc 05 e8 03 e8 03 00 00 00 00 00 00 00 00 00 2b b3 00 00 00 00 00 00 00 00 00 00 00 00 00 00 00 00 00 00 00 00 00 00 00 00 00 00 00 00 00 
eb 90 00 12 00 00 61 00 00 00 00 a5 5a 00 00 00 f0 ff 00 00 00 00 00 00 00 00 00 00 00 00 00 00 00 f3 c9 00 00 00 00 00 00 00 00 00 00 00 00 00 00 00 00 00 00 00 00 00 00 00 00 00 00 00 00 00 
eb 90 00 12 00 00 61 00 00 00 00 a5 5a 00 00 00 f0 ff 00 00 00 00 00 00 00 00 00 00 00 00 00 00 00 f3 c9 00 00 00 00 00 00 00 00 00 00 00 00 00 00 00 00 00 00 00 00 00 00 00 00 00 00 00 00 00 
eb 90 00 12 00 00 61 00 00 00 00 a5 5a 00 00 00 f0 ff 00 00 00 00 00 00 00 00 00 00 00 00 00 00 00 f3 c9 00 00 00 00 00 00 00 00 00 00 00 00 00 00 00 00 00 00 00 00 00 00 00 00 00 00 00 00 00 
eb 90 00 12 00 00 61 00 00 00 00 a5 5a 00 00 00 f0 ff 00 00 00 00 00 00 00 00 00 00 00 00 00 00 00 f3 c9 00 00 00 00 00 00 00 00 00 00 00 00 00 00 00 00 00 00 00 00 00 00 00 00 00 00 00 00 00 
eb 90 00 12 00 00 61 00 00 00 00 a5 5a 00 00 00 f0 ff 00 00 00 00 00 00 00 00 00 00 00 00 00 00 00 f3 c9 00 00 00 00 00 00 00 00 00 00 00 00 00 00 00 00 00 00 00 00 00 00 00 00 00 00 00 00 00 
左副翼 查询
eb 90 00 12 00 00 61 00 00 00 00 a5 5a 00 00 00 de 01 00 00 00 00 00 00 00 00 00 00 00 00 00 00 00 d4 20 00 00 00 00 00 00 00 00 00 00 00 00 00 00 00 00 00 00 00 00 00 00 00 00 00 00 00 00 00 
eb 90 00 12 00 00 61 00 00 00 00 a5 5a 00 00 00 de 01 00 00 00 00 00 00 00 00 00 00 00 00 00 00 00 d4 20 00 00 00 00 00 00 00 00 00 00 00 00 00 00 00 00 00 00 00 00 00 00 00 00 00 00 00 00 00 
eb 90 00 12 00 00 61 00 00 00 00 a5 5a 00 00 00 de 01 00 00 00 00 00 00 00 00 00 00 00 00 00 00 00 d4 20 00 00 00 00 00 00 00 00 00 00 00 00 00 00 00 00 00 00 00 00 00 00 00 00 00 00 00 00 00 
eb 90 00 12 00 00 61 00 00 00 00 a5 5a 00 00 00 f0 ff 00 00 00 00 00 00 00 00 00 00 00 00 00 00 00 f3 c9 00 00 00 00 00 00 00 00 00 00 00 00 00 00 00 00 00 00 00 00 00 00 00 00 00 00 00 00 00 
eb 90 00 12 00 00 61 00 00 00 00 a5 5a 00 00 00 f0 ff 00 00 00 00 00 00 00 00 00 00 00 00 00 00 00 f3 c9 00 00 00 00 00 00 00 00 00 00 00 00 00 00 00 00 00 00 00 00 00 00 00 00 00 00 00 00 00 
eb 90 00 12 00 00 61 00 00 00 00 a5 5a 00 00 00 f0 ff 00 00 00 00 00 00 00 00 00 00 00 00 00 00 00 f3 c9 00 00 00 00 00 00 00 00 00 00 00 00 00 00 00 00 00 00 00 00 00 00 00 00 00 00 00 00 00 
eb 90 00 12 00 00 61 00 00 00 00 a5 5a 00 00 00 f0 ff 00 00 00 00 00 00 00 00 00 00 00 00 00 00 00 f3 c9 00 00 00 00 00 00 00 00 00 00 00 00 00 00 00 00 00 00 00 00 00 00 00 00 00 00 00 00 00 
eb 90 00 12 00 00 61 00 00 00 00 a5 5a 00 00 00 f0 ff 00 00 00 00 00 00 00 00 00 00 00 00 00 00 00 f3 c9 00 00 00 00 00 00 00 00 00 00 00 00 00 00 00 00 00 00 00 00 00 00 00 00 00 00 00 00 00 
右副翼 中位1.5 上偏1 下偏1
eb 90 00 12 00 00 61 00 00 00 00 a5 5a 00 00 00 dc 02 dc 05 e8 03 e8 03 00 00 00 00 00 00 00 00 00 66 5b 00 00 00 00 00 00 00 00 00 00 00 00 00 00 00 00 00 00 00 00 00 00 00 00 00 00 00 00 00 
eb 90 00 12 00 00 61 00 00 00 00 a5 5a 00 00 00 dc 02 dc 05 e8 03 e8 03 00 00 00 00 00 00 00 00 00 66 5b 00 00 00 00 00 00 00 00 00 00 00 00 00 00 00 00 00 00 00 00 00 00 00 00 00 00 00 00 00 
eb 90 00 12 00 00 61 00 00 00 00 a5 5a 00 00 00 dc 02 dc 05 e8 03 e8 03 00 00 00 00 00 00 00 00 00 66 5b 00 00 00 00 00 00 00 00 00 00 00 00 00 00 00 00 00 00 00 00 00 00 00 00 00 00 00 00 00 
eb 90 00 12 00 00 61 00 00 00 00 a5 5a 00 00 00 f0 ff 00 00 00 00 00 00 00 00 00 00 00 00 00 00 00 f3 c9 00 00 00 00 00 00 00 00 00 00 00 00 00 00 00 00 00 00 00 00 00 00 00 00 00 00 00 00 00 
eb 90 00 12 00 00 61 00 00 00 00 a5 5a 00 00 00 f0 ff 00 00 00 00 00 00 00 00 00 00 00 00 00 00 00 f3 c9 00 00 00 00 00 00 00 00 00 00 00 00 00 00 00 00 00 00 00 00 00 00 00 00 00 00 00 00 00 
eb 90 00 12 00 00 61 00 00 00 00 a5 5a 00 00 00 f0 ff 00 00 00 00 00 00 00 00 00 00 00 00 00 00 00 f3 c9 00 00 00 00 00 00 00 00 00 00 00 00 00 00 00 00 00 00 00 00 00 00 00 00 00 00 00 00 00 
eb 90 00 12 00 00 61 00 00 00 00 a5 5a 00 00 00 f0 ff 00 00 00 00 00 00 00 00 00 00 00 00 00 00 00 f3 c9 00 00 00 00 00 00 00 00 00 00 00 00 00 00 00 00 00 00 00 00 00 00 00 00 00 00 00 00 00 
eb 90 00 12 00 00 61 00 00 00 00 a5 5a 00 00 00 f0 ff 00 00 00 00 00 00 00 00 00 00 00 00 00 00 00 f3 c9 00 00 00 00 00 00 00 00 00 00 00 00 00 00 00 00 00 00 00 00 00 00 00 00 00 00 00 00 00 
右副翼 查询
eb 90 00 12 00 00 61 00 00 00 00 a5 5a 00 00 00 de 02 00 00 00 00 00 00 00 00 00 00 00 00 00 00 00 99 c8 00 00 00 00 00 00 00 00 00 00 00 00 00 00 00 00 00 00 00 00 00 00 00 00 00 00 00 00 00 
eb 90 00 12 00 00 61 00 00 00 00 a5 5a 00 00 00 de 02 00 00 00 00 00 00 00 00 00 00 00 00 00 00 00 99 c8 00 00 00 00 00 00 00 00 00 00 00 00 00 00 00 00 00 00 00 00 00 00 00 00 00 00 00 00 00 
eb 90 00 12 00 00 61 00 00 00 00 a5 5a 00 00 00 de 02 00 00 00 00 00 00 00 00 00 00 00 00 00 00 00 99 c8 00 00 00 00 00 00 00 00 00 00 00 00 00 00 00 00 00 00 00 00 00 00 00 00 00 00 00 00 00 
eb 90 00 12 00 00 61 00 00 00 00 a5 5a 00 00 00 f0 ff 00 00 00 00 00 00 00 00 00 00 00 00 00 00 00 f3 c9 00 00 00 00 00 00 00 00 00 00 00 00 00 00 00 00 00 00 00 00 00 00 00 00 00 00 00 00 00 
eb 90 00 12 00 00 61 00 00 00 00 a5 5a 00 00 00 f0 ff 00 00 00 00 00 00 00 00 00 00 00 00 00 00 00 f3 c9 00 00 00 00 00 00 00 00 00 00 00 00 00 00 00 00 00 00 00 00 00 00 00 00 00 00 00 00 00 
eb 90 00 12 00 00 61 00 00 00 00 a5 5a 00 00 00 f0 ff 00 00 00 00 00 00 00 00 00 00 00 00 00 00 00 f3 c9 00 00 00 00 00 00 00 00 00 00 00 00 00 00 00 00 00 00 00 00 00 00 00 00 00 00 00 00 00 
eb 90 00 12 00 00 61 00 00 00 00 a5 5a 00 00 00 f0 ff 00 00 00 00 00 00 00 00 00 00 00 00 00 00 00 f3 c9 00 00 00 00 00 00 00 00 00 00 00 00 00 00 00 00 00 00 00 00 00 00 00 00 00 00 00 00 00 
eb 90 00 12 00 00 61 00 00 00 00 a5 5a 00 00 00 f0 ff 00 00 00 00 00 00 00 00 00 00 00 00 00 00 00 f3 c9 00 00 00 00 00 00 00 00 00 00 00 00 00 00 00 00 00 00 00 00 00 00 00 00 00 00 00 00 00 

舵面使能开：
eb 90 00 12 00 00 61 00 00 00 00 a5 5a 00 00 00 f0 f3 00 00 00 00 00 00 00 00 00 00 00 00 00 00 00 a4 58 00 00 00 00 00 00 00 00 00 00 00 00 00 00 00 00 00 00 00 00 00 00 00 00 00 00 00 00 00 
eb 90 00 12 00 00 61 00 00 00 00 a5 5a 00 00 00 f0 f3 00 00 00 00 00 00 00 00 00 00 00 00 00 00 00 a4 58 00 00 00 00 00 00 00 00 00 00 00 00 00 00 00 00 00 00 00 00 00 00 00 00 00 00 00 00 00
eb 90 00 12 00 00 61 00 00 00 00 a5 5a 00 00 00 f0 f3 00 00 00 00 00 00 00 00 00 00 00 00 00 00 00 a4 58 00 00 00 00 00 00 00 00 00 00 00 00 00 00 00 00 00 00 00 00 00 00 00 00 00 00 00 00 00
eb 90 00 12 00 00 61 00 00 00 00 a5 5a 00 00 00 f0 ff 00 00 00 00 00 00 00 00 00 00 00 00 00 00 00 f3 c9 00 00 00 00 00 00 00 00 00 00 00 00 00 00 00 00 00 00 00 00 00 00 00 00 00 00 00 00 00 
eb 90 00 12 00 00 61 00 00 00 00 a5 5a 00 00 00 f0 ff 00 00 00 00 00 00 00 00 00 00 00 00 00 00 00 f3 c9 00 00 00 00 00 00 00 00 00 00 00 00 00 00 00 00 00 00 00 00 00 00 00 00 00 00 00 00 00
eb 90 00 12 00 00 61 00 00 00 00 a5 5a 00 00 00 f0 ff 00 00 00 00 00 00 00 00 00 00 00 00 00 00 00 f3 c9 00 00 00 00 00 00 00 00 00 00 00 00 00 00 00 00 00 00 00 00 00 00 00 00 00 00 00 00 00
eb 90 00 12 00 00 61 00 00 00 00 a5 5a 00 00 00 f0 ff 00 00 00 00 00 00 00 00 00 00 00 00 00 00 00 f3 c9 00 00 00 00 00 00 00 00 00 00 00 00 00 00 00 00 00 00 00 00 00 00 00 00 00 00 00 00 00
eb 90 00 12 00 00 61 00 00 00 00 a5 5a 00 00 00 f0 ff 00 00 00 00 00 00 00 00 00 00 00 00 00 00 00 f3 c9 00 00 00 00 00 00 00 00 00 00 00 00 00 00 00 00 00 00 00 00 00 00 00 00 00 00 00 00 00

舵面中位：
eb 90 00 12 00 00 61 00 00 00 00 a5 5a 00 00 00 f0 fb 00 00 00 00 00 00 00 00 00 00 00 00 00 00 00 21 49 00 00 00 00 00 00 00 00 00 00 00 00 00 00 00 00 00 00 00 00 00 00 00 00 00 00 00 00 00 
eb 90 00 12 00 00 61 00 00 00 00 a5 5a 00 00 00 f0 fb 00 00 00 00 00 00 00 00 00 00 00 00 00 00 00 21 49 00 00 00 00 00 00 00 00 00 00 00 00 00 00 00 00 00 00 00 00 00 00 00 00 00 00 00 00 00 
eb 90 00 12 00 00 61 00 00 00 00 a5 5a 00 00 00 f0 fb 00 00 00 00 00 00 00 00 00 00 00 00 00 00 00 21 49 00 00 00 00 00 00 00 00 00 00 00 00 00 00 00 00 00 00 00 00 00 00 00 00 00 00 00 00 00 
eb 90 00 12 00 00 61 00 00 00 00 a5 5a 00 00 00 f0 ff 00 00 00 00 00 00 00 00 00 00 00 00 00 00 00 f3 c9 00 00 00 00 00 00 00 00 00 00 00 00 00 00 00 00 00 00 00 00 00 00 00 00 00 00 00 00 00 
eb 90 00 12 00 00 61 00 00 00 00 a5 5a 00 00 00 f0 ff 00 00 00 00 00 00 00 00 00 00 00 00 00 00 00 f3 c9 00 00 00 00 00 00 00 00 00 00 00 00 00 00 00 00 00 00 00 00 00 00 00 00 00 00 00 00 00
eb 90 00 12 00 00 61 00 00 00 00 a5 5a 00 00 00 f0 ff 00 00 00 00 00 00 00 00 00 00 00 00 00 00 00 f3 c9 00 00 00 00 00 00 00 00 00 00 00 00 00 00 00 00 00 00 00 00 00 00 00 00 00 00 00 00 00
eb 90 00 12 00 00 61 00 00 00 00 a5 5a 00 00 00 f0 ff 00 00 00 00 00 00 00 00 00 00 00 00 00 00 00 f3 c9 00 00 00 00 00 00 00 00 00 00 00 00 00 00 00 00 00 00 00 00 00 00 00 00 00 00 00 00 00
eb 90 00 12 00 00 61 00 00 00 00 a5 5a 00 00 00 f0 ff 00 00 00 00 00 00 00 00 00 00 00 00 00 00 00 f3 c9 00 00 00 00 00 00 00 00 00 00 00 00 00 00 00 00 00 00 00 00 00 00 00 00 00 00 00 00 00

左右舵上偏5||左偏5：
eb 90 00 12 00 00 61 00 00 00 00 a5 5a 00 00 00 f0 31 00 00 00 00 00 00 00 00 00 00 00 00 00 00 00 94 9c 00 00 00 00 00 00 00 00 00 00 00 00 00 00 00 00 00 00 00 00 00 00 00 00 00 00 00 00 00 
eb 90 00 12 00 00 61 00 00 00 00 a5 5a 00 00 00 f0 31 00 00 00 00 00 00 00 00 00 00 00 00 00 00 00 94 9c 00 00 00 00 00 00 00 00 00 00 00 00 00 00 00 00 00 00 00 00 00 00 00 00 00 00 00 00 00
eb 90 00 12 00 00 61 00 00 00 00 a5 5a 00 00 00 f0 31 00 00 00 00 00 00 00 00 00 00 00 00 00 00 00 94 9c 00 00 00 00 00 00 00 00 00 00 00 00 00 00 00 00 00 00 00 00 00 00 00 00 00 00 00 00 00
eb 90 00 12 00 00 61 00 00 00 00 a5 5a 00 00 00 f0 ff 00 00 00 00 00 00 00 00 00 00 00 00 00 00 00 f3 c9 00 00 00 00 00 00 00 00 00 00 00 00 00 00 00 00 00 00 00 00 00 00 00 00 00 00 00 00 00 
eb 90 00 12 00 00 61 00 00 00 00 a5 5a 00 00 00 f0 ff 00 00 00 00 00 00 00 00 00 00 00 00 00 00 00 f3 c9 00 00 00 00 00 00 00 00 00 00 00 00 00 00 00 00 00 00 00 00 00 00 00 00 00 00 00 00 00
eb 90 00 12 00 00 61 00 00 00 00 a5 5a 00 00 00 f0 ff 00 00 00 00 00 00 00 00 00 00 00 00 00 00 00 f3 c9 00 00 00 00 00 00 00 00 00 00 00 00 00 00 00 00 00 00 00 00 00 00 00 00 00 00 00 00 00
eb 90 00 12 00 00 61 00 00 00 00 a5 5a 00 00 00 f0 ff 00 00 00 00 00 00 00 00 00 00 00 00 00 00 00 f3 c9 00 00 00 00 00 00 00 00 00 00 00 00 00 00 00 00 00 00 00 00 00 00 00 00 00 00 00 00 00
eb 90 00 12 00 00 61 00 00 00 00 a5 5a 00 00 00 f0 ff 00 00 00 00 00 00 00 00 00 00 00 00 00 00 00 f3 c9 00 00 00 00 00 00 00 00 00 00 00 00 00 00 00 00 00 00 00 00 00 00 00 00 00 00 00 00 00

左右舵下偏5||右偏5：
eb 90 00 12 00 00 61 00 00 00 00 a5 5a 00 00 00 f0 33 00 00 00 00 00 00 00 00 00 00 00 00 00 00 00 fd dc 00 00 00 00 00 00 00 00 00 00 00 00 00 00 00 00 00 00 00 00 00 00 00 00 00 00 00 00 00 
eb 90 00 12 00 00 61 00 00 00 00 a5 5a 00 00 00 f0 33 00 00 00 00 00 00 00 00 00 00 00 00 00 00 00 fd dc 00 00 00 00 00 00 00 00 00 00 00 00 00 00 00 00 00 00 00 00 00 00 00 00 00 00 00 00 00
eb 90 00 12 00 00 61 00 00 00 00 a5 5a 00 00 00 f0 33 00 00 00 00 00 00 00 00 00 00 00 00 00 00 00 fd dc 00 00 00 00 00 00 00 00 00 00 00 00 00 00 00 00 00 00 00 00 00 00 00 00 00 00 00 00 00
eb 90 00 12 00 00 61 00 00 00 00 a5 5a 00 00 00 f0 ff 00 00 00 00 00 00 00 00 00 00 00 00 00 00 00 f3 c9 00 00 00 00 00 00 00 00 00 00 00 00 00 00 00 00 00 00 00 00 00 00 00 00 00 00 00 00 00 
eb 90 00 12 00 00 61 00 00 00 00 a5 5a 00 00 00 f0 ff 00 00 00 00 00 00 00 00 00 00 00 00 00 00 00 f3 c9 00 00 00 00 00 00 00 00 00 00 00 00 00 00 00 00 00 00 00 00 00 00 00 00 00 00 00 00 00
eb 90 00 12 00 00 61 00 00 00 00 a5 5a 00 00 00 f0 ff 00 00 00 00 00 00 00 00 00 00 00 00 00 00 00 f3 c9 00 00 00 00 00 00 00 00 00 00 00 00 00 00 00 00 00 00 00 00 00 00 00 00 00 00 00 00 00
eb 90 00 12 00 00 61 00 00 00 00 a5 5a 00 00 00 f0 ff 00 00 00 00 00 00 00 00 00 00 00 00 00 00 00 f3 c9 00 00 00 00 00 00 00 00 00 00 00 00 00 00 00 00 00 00 00 00 00 00 00 00 00 00 00 00 00
eb 90 00 12 00 00 61 00 00 00 00 a5 5a 00 00 00 f0 ff 00 00 00 00 00 00 00 00 00 00 00 00 00 00 00 f3 c9 00 00 00 00 00 00 00 00 00 00 00 00 00 00 00 00 00 00 00 00 00 00 00 00 00 00 00 00 00

左右舵上偏10:
eb 90 00 12 00 00 61 00 00 00 00 a5 5a 00 00 00 f0 32 00 00 00 00 00 00 00 00 00 00 00 00 00 00 00 d9 74 00 00 00 00 00 00 00 00 00 00 00 00 00 00 00 00 00 00 00 00 00 00 00 00 00 00 00 00 00 
eb 90 00 12 00 00 61 00 00 00 00 a5 5a 00 00 00 f0 32 00 00 00 00 00 00 00 00 00 00 00 00 00 00 00 d9 74 00 00 00 00 00 00 00 00 00 00 00 00 00 00 00 00 00 00 00 00 00 00 00 00 00 00 00 00 00 
eb 90 00 12 00 00 61 00 00 00 00 a5 5a 00 00 00 f0 32 00 00 00 00 00 00 00 00 00 00 00 00 00 00 00 d9 74 00 00 00 00 00 00 00 00 00 00 00 00 00 00 00 00 00 00 00 00 00 00 00 00 00 00 00 00 00 
eb 90 00 12 00 00 61 00 00 00 00 a5 5a 00 00 00 f0 ff 00 00 00 00 00 00 00 00 00 00 00 00 00 00 00 f3 c9 00 00 00 00 00 00 00 00 00 00 00 00 00 00 00 00 00 00 00 00 00 00 00 00 00 00 00 00 00 
eb 90 00 12 00 00 61 00 00 00 00 a5 5a 00 00 00 f0 ff 00 00 00 00 00 00 00 00 00 00 00 00 00 00 00 f3 c9 00 00 00 00 00 00 00 00 00 00 00 00 00 00 00 00 00 00 00 00 00 00 00 00 00 00 00 00 00
eb 90 00 12 00 00 61 00 00 00 00 a5 5a 00 00 00 f0 ff 00 00 00 00 00 00 00 00 00 00 00 00 00 00 00 f3 c9 00 00 00 00 00 00 00 00 00 00 00 00 00 00 00 00 00 00 00 00 00 00 00 00 00 00 00 00 00
eb 90 00 12 00 00 61 00 00 00 00 a5 5a 00 00 00 f0 ff 00 00 00 00 00 00 00 00 00 00 00 00 00 00 00 f3 c9 00 00 00 00 00 00 00 00 00 00 00 00 00 00 00 00 00 00 00 00 00 00 00 00 00 00 00 00 00
eb 90 00 12 00 00 61 00 00 00 00 a5 5a 00 00 00 f0 ff 00 00 00 00 00 00 00 00 00 00 00 00 00 00 00 f3 c9 00 00 00 00 00 00 00 00 00 00 00 00 00 00 00 00 00 00 00 00 00 00 00 00 00 00 00 00 00

左右舵下偏10:
eb 90 00 12 00 00 61 00 00 00 00 a5 5a 00 00 00 f0 34 00 00 00 00 00 00 00 00 00 00 00 00 00 00 00 62 b4 00 00 00 00 00 00 00 00 00 00 00 00 00 00 00 00 00 00 00 00 00 00 00 00 00 00 00 00 00 
eb 90 00 12 00 00 61 00 00 00 00 a5 5a 00 00 00 f0 34 00 00 00 00 00 00 00 00 00 00 00 00 00 00 00 62 b4 00 00 00 00 00 00 00 00 00 00 00 00 00 00 00 00 00 00 00 00 00 00 00 00 00 00 00 00 00
eb 90 00 12 00 00 61 00 00 00 00 a5 5a 00 00 00 f0 34 00 00 00 00 00 00 00 00 00 00 00 00 00 00 00 62 b4 00 00 00 00 00 00 00 00 00 00 00 00 00 00 00 00 00 00 00 00 00 00 00 00 00 00 00 00 00
eb 90 00 12 00 00 61 00 00 00 00 a5 5a 00 00 00 f0 ff 00 00 00 00 00 00 00 00 00 00 00 00 00 00 00 f3 c9 00 00 00 00 00 00 00 00 00 00 00 00 00 00 00 00 00 00 00 00 00 00 00 00 00 00 00 00 00 
eb 90 00 12 00 00 61 00 00 00 00 a5 5a 00 00 00 f0 ff 00 00 00 00 00 00 00 00 00 00 00 00 00 00 00 f3 c9 00 00 00 00 00 00 00 00 00 00 00 00 00 00 00 00 00 00 00 00 00 00 00 00 00 00 00 00 00
eb 90 00 12 00 00 61 00 00 00 00 a5 5a 00 00 00 f0 ff 00 00 00 00 00 00 00 00 00 00 00 00 00 00 00 f3 c9 00 00 00 00 00 00 00 00 00 00 00 00 00 00 00 00 00 00 00 00 00 00 00 00 00 00 00 00 00
eb 90 00 12 00 00 61 00 00 00 00 a5 5a 00 00 00 f0 ff 00 00 00 00 00 00 00 00 00 00 00 00 00 00 00 f3 c9 00 00 00 00 00 00 00 00 00 00 00 00 00 00 00 00 00 00 00 00 00 00 00 00 00 00 00 00 00
eb 90 00 12 00 00 61 00 00 00 00 a5 5a 00 00 00 f0 ff 00 00 00 00 00 00 00 00 00 00 00 00 00 00 00 f3 c9 00 00 00 00 00 00 00 00 00 00 00 00 00 00 00 00 00 00 00 00 00 00 00 00 00 00 00 00 00

左右舵上偏15:
eb 90 00 12 00 00 61 00 00 00 00 a5 5a 00 00 00 f0 36 00 00 00 00 00 00 00 00 00 00 00 00 00 00 00 0b f4 00 00 00 00 00 00 00 00 00 00 00 00 00 00 00 00 00 00 00 00 00 00 00 00 00 00 00 00 00
eb 90 00 12 00 00 61 00 00 00 00 a5 5a 00 00 00 f0 36 00 00 00 00 00 00 00 00 00 00 00 00 00 00 00 0b f4 00 00 00 00 00 00 00 00 00 00 00 00 00 00 00 00 00 00 00 00 00 00 00 00 00 00 00 00 00
eb 90 00 12 00 00 61 00 00 00 00 a5 5a 00 00 00 f0 36 00 00 00 00 00 00 00 00 00 00 00 00 00 00 00 0b f4 00 00 00 00 00 00 00 00 00 00 00 00 00 00 00 00 00 00 00 00 00 00 00 00 00 00 00 00 00
eb 90 00 12 00 00 61 00 00 00 00 a5 5a 00 00 00 f0 ff 00 00 00 00 00 00 00 00 00 00 00 00 00 00 00 f3 c9 00 00 00 00 00 00 00 00 00 00 00 00 00 00 00 00 00 00 00 00 00 00 00 00 00 00 00 00 00 
eb 90 00 12 00 00 61 00 00 00 00 a5 5a 00 00 00 f0 ff 00 00 00 00 00 00 00 00 00 00 00 00 00 00 00 f3 c9 00 00 00 00 00 00 00 00 00 00 00 00 00 00 00 00 00 00 00 00 00 00 00 00 00 00 00 00 00
eb 90 00 12 00 00 61 00 00 00 00 a5 5a 00 00 00 f0 ff 00 00 00 00 00 00 00 00 00 00 00 00 00 00 00 f3 c9 00 00 00 00 00 00 00 00 00 00 00 00 00 00 00 00 00 00 00 00 00 00 00 00 00 00 00 00 00
eb 90 00 12 00 00 61 00 00 00 00 a5 5a 00 00 00 f0 ff 00 00 00 00 00 00 00 00 00 00 00 00 00 00 00 f3 c9 00 00 00 00 00 00 00 00 00 00 00 00 00 00 00 00 00 00 00 00 00 00 00 00 00 00 00 00 00
eb 90 00 12 00 00 61 00 00 00 00 a5 5a 00 00 00 f0 ff 00 00 00 00 00 00 00 00 00 00 00 00 00 00 00 f3 c9 00 00 00 00 00 00 00 00 00 00 00 00 00 00 00 00 00 00 00 00 00 00 00 00 00 00 00 00 00

左右舵下偏15:
eb 90 00 12 00 00 61 00 00 00 00 a5 5a 00 00 00 f0 35 00 00 00 00 00 00 00 00 00 00 00 00 00 00 00 46 1c 00 00 00 00 00 00 00 00 00 00 00 00 00 00 00 00 00 00 00 00 00 00 00 00 00 00 00 00 00
eb 90 00 12 00 00 61 00 00 00 00 a5 5a 00 00 00 f0 35 00 00 00 00 00 00 00 00 00 00 00 00 00 00 00 46 1c 00 00 00 00 00 00 00 00 00 00 00 00 00 00 00 00 00 00 00 00 00 00 00 00 00 00 00 00 00
eb 90 00 12 00 00 61 00 00 00 00 a5 5a 00 00 00 f0 35 00 00 00 00 00 00 00 00 00 00 00 00 00 00 00 46 1c 00 00 00 00 00 00 00 00 00 00 00 00 00 00 00 00 00 00 00 00 00 00 00 00 00 00 00 00 00
eb 90 00 12 00 00 61 00 00 00 00 a5 5a 00 00 00 f0 ff 00 00 00 00 00 00 00 00 00 00 00 00 00 00 00 f3 c9 00 00 00 00 00 00 00 00 00 00 00 00 00 00 00 00 00 00 00 00 00 00 00 00 00 00 00 00 00 
eb 90 00 12 00 00 61 00 00 00 00 a5 5a 00 00 00 f0 ff 00 00 00 00 00 00 00 00 00 00 00 00 00 00 00 f3 c9 00 00 00 00 00 00 00 00 00 00 00 00 00 00 00 00 00 00 00 00 00 00 00 00 00 00 00 00 00
eb 90 00 12 00 00 61 00 00 00 00 a5 5a 00 00 00 f0 ff 00 00 00 00 00 00 00 00 00 00 00 00 00 00 00 f3 c9 00 00 00 00 00 00 00 00 00 00 00 00 00 00 00 00 00 00 00 00 00 00 00 00 00 00 00 00 00
eb 90 00 12 00 00 61 00 00 00 00 a5 5a 00 00 00 f0 ff 00 00 00 00 00 00 00 00 00 00 00 00 00 00 00 f3 c9 00 00 00 00 00 00 00 00 00 00 00 00 00 00 00 00 00 00 00 00 00 00 00 00 00 00 00 00 00
eb 90 00 12 00 00 61 00 00 00 00 a5 5a 00 00 00 f0 ff 00 00 00 00 00 00 00 00 00 00 00 00 00 00 00 f3 c9 00 00 00 00 00 00 00 00 00 00 00 00 00 00 00 00 00 00 00 00 00 00 00 00 00 00 00 00 00


舵面标定1-1-1：
eb 90 00 12 00 00 61 00 00 00 00 a5 5a 00 00 00 dc 01 e8 03 e8 03 e8 03 00 00 00 00 00 00 00 00 00 60 f0 00 00 00 00 00 00 00 00 00 00 00 00 00 00 00 00 00 00 00 00 00 00 00 00 00 00 00 00 00
eb 90 00 12 00 00 61 00 00 00 00 a5 5a 00 00 00 dc 01 e8 03 e8 03 e8 03 00 00 00 00 00 00 00 00 00 60 f0 00 00 00 00 00 00 00 00 00 00 00 00 00 00 00 00 00 00 00 00 00 00 00 00 00 00 00 00 00
eb 90 00 12 00 00 61 00 00 00 00 a5 5a 00 00 00 dc 01 e8 03 e8 03 e8 03 00 00 00 00 00 00 00 00 00 60 f0 00 00 00 00 00 00 00 00 00 00 00 00 00 00 00 00 00 00 00 00 00 00 00 00 00 00 00 00 00
eb 90 00 12 00 00 61 00 00 00 00 a5 5a 00 00 00 f0 ff 00 00 00 00 00 00 00 00 00 00 00 00 00 00 00 f3 c9 00 00 00 00 00 00 00 00 00 00 00 00 00 00 00 00 00 00 00 00 00 00 00 00 00 00 00 00 00 
eb 90 00 12 00 00 61 00 00 00 00 a5 5a 00 00 00 f0 ff 00 00 00 00 00 00 00 00 00 00 00 00 00 00 00 f3 c9 00 00 00 00 00 00 00 00 00 00 00 00 00 00 00 00 00 00 00 00 00 00 00 00 00 00 00 00 00 
eb 90 00 12 00 00 61 00 00 00 00 a5 5a 00 00 00 f0 ff 00 00 00 00 00 00 00 00 00 00 00 00 00 00 00 f3 c9 00 00 00 00 00 00 00 00 00 00 00 00 00 00 00 00 00 00 00 00 00 00 00 00 00 00 00 00 00 
eb 90 00 12 00 00 61 00 00 00 00 a5 5a 00 00 00 f0 ff 00 00 00 00 00 00 00 00 00 00 00 00 00 00 00 f3 c9 00 00 00 00 00 00 00 00 00 00 00 00 00 00 00 00 00 00 00 00 00 00 00 00 00 00 00 00 00 
eb 90 00 12 00 00 61 00 00 00 00 a5 5a 00 00 00 f0 ff 00 00 00 00 00 00 00 00 00 00 00 00 00 00 00 f3 c9 00 00 00 00 00 00 00 00 00 00 00 00 00 00 00 00 00 00 00 00 00 00 00 00 00 00 00 00 00


载荷上电：
EB 90 00 12 00 00 61 00 00 00 00 A5 5A 00 00 00 F0 A7 00 00 00 00 00 00 00 00 00 00 00 00 00 00 00 54 77 00 00 00 00 00 00 00 00 00 00 00 00 00 00 00 00 00 00 00 00 00 00 00 00 00 00 00 00 00 
EB 90 00 12 00 00 61 00 00 00 00 A5 5A 00 00 00 F0 A7 00 00 00 00 00 00 00 00 00 00 00 00 00 00 00 54 77 00 00 00 00 00 00 00 00 00 00 00 00 00 00 00 00 00 00 00 00 00 00 00 00 00 00 00 00 00 
EB 90 00 12 00 00 61 00 00 00 00 A5 5A 00 00 00 F0 A7 00 00 00 00 00 00 00 00 00 00 00 00 00 00 00 54 77 00 00 00 00 00 00 00 00 00 00 00 00 00 00 00 00 00 00 00 00 00 00 00 00 00 00 00 00 00 
EB 90 00 12 00 00 61 00 00 00 00 A5 5A 00 00 00 F0 FF 00 00 00 00 00 00 00 00 00 00 00 00 00 00 00 F3 C9 00 00 00 00 00 00 00 00 00 00 00 00 00 00 00 00 00 00 00 00 00 00 00 00 00 00 00 00 00 
EB 90 00 12 00 00 61 00 00 00 00 A5 5A 00 00 00 F0 FF 00 00 00 00 00 00 00 00 00 00 00 00 00 00 00 F3 C9 00 00 00 00 00 00 00 00 00 00 00 00 00 00 00 00 00 00 00 00 00 00 00 00 00 00 00 00 00 
EB 90 00 12 00 00 61 00 00 00 00 A5 5A 00 00 00 F0 FF 00 00 00 00 00 00 00 00 00 00 00 00 00 00 00 F3 C9 00 00 00 00 00 00 00 00 00 00 00 00 00 00 00 00 00 00 00 00 00 00 00 00 00 00 00 00 00 
EB 90 00 12 00 00 61 00 00 00 00 A5 5A 00 00 00 F0 FF 00 00 00 00 00 00 00 00 00 00 00 00 00 00 00 F3 C9 00 00 00 00 00 00 00 00 00 00 00 00 00 00 00 00 00 00 00 00 00 00 00 00 00 00 00 00 00 
EB 90 00 12 00 00 61 00 00 00 00 A5 5A 00 00 00 F0 FF 00 00 00 00 00 00 00 00 00 00 00 00 00 00 00 F3 C9 00 00 00 00 00 00 00 00 00 00 00 00 00 00 00 00 00 00 00 00 00 00 00 00 00 00 00 00 00


载荷断电：
EB 90 00 12 00 00 61 00 00 00 00 A5 5A 00 00 00 F0 A8 00 00 00 00 00 00 00 00 00 00 00 00 00 00 00 4E 0E 00 00 00 00 00 00 00 00 00 00 00 00 00 00 00 00 00 00 00 00 00 00 00 00 00 00 00 00 00 
EB 90 00 12 00 00 61 00 00 00 00 A5 5A 00 00 00 F0 A8 00 00 00 00 00 00 00 00 00 00 00 00 00 00 00 4E 0E 00 00 00 00 00 00 00 00 00 00 00 00 00 00 00 00 00 00 00 00 00 00 00 00 00 00 00 00 00 
EB 90 00 12 00 00 61 00 00 00 00 A5 5A 00 00 00 F0 A8 00 00 00 00 00 00 00 00 00 00 00 00 00 00 00 4E 0E 00 00 00 00 00 00 00 00 00 00 00 00 00 00 00 00 00 00 00 00 00 00 00 00 00 00 00 00 00 
EB 90 00 12 00 00 61 00 00 00 00 A5 5A 00 00 00 F0 FF 00 00 00 00 00 00 00 00 00 00 00 00 00 00 00 F3 C9 00 00 00 00 00 00 00 00 00 00 00 00 00 00 00 00 00 00 00 00 00 00 00 00 00 00 00 00 00 
EB 90 00 12 00 00 61 00 00 00 00 A5 5A 00 00 00 F0 FF 00 00 00 00 00 00 00 00 00 00 00 00 00 00 00 F3 C9 00 00 00 00 00 00 00 00 00 00 00 00 00 00 00 00 00 00 00 00 00 00 00 00 00 00 00 00 00 
EB 90 00 12 00 00 61 00 00 00 00 A5 5A 00 00 00 F0 FF 00 00 00 00 00 00 00 00 00 00 00 00 00 00 00 F3 C9 00 00 00 00 00 00 00 00 00 00 00 00 00 00 00 00 00 00 00 00 00 00 00 00 00 00 00 00 00 
EB 90 00 12 00 00 61 00 00 00 00 A5 5A 00 00 00 F0 FF 00 00 00 00 00 00 00 00 00 00 00 00 00 00 00 F3 C9 00 00 00 00 00 00 00 00 00 00 00 00 00 00 00 00 00 00 00 00 00 00 00 00 00 00 00 00 00 
EB 90 00 12 00 00 61 00 00 00 00 A5 5A 00 00 00 F0 FF 00 00 00 00 00 00 00 00 00 00 00 00 00 00 00 F3 C9 00 00 00 00 00 00 00 00 00 00 00 00 00 00 00 00 00 00 00 00 00 00 00 00 00 00 00 00 00


动力使能：
EB 90 00 12 00 00 61 00 00 00 00 A5 5A 00 00 00 F0 45 00 00 00 00 00 00 00 00 00 00 00 00 00 00 00 70 F5 00 00 00 00 00 00 00 00 00 00 00 00 00 00 00 00 00 00 00 00 00 00 00 00 00 00 00 00 00 
EB 90 00 12 00 00 61 00 00 00 00 A5 5A 00 00 00 F0 45 00 00 00 00 00 00 00 00 00 00 00 00 00 00 00 70 F5 00 00 00 00 00 00 00 00 00 00 00 00 00 00 00 00 00 00 00 00 00 00 00 00 00 00 00 00 00 
EB 90 00 12 00 00 61 00 00 00 00 A5 5A 00 00 00 F0 45 00 00 00 00 00 00 00 00 00 00 00 00 00 00 00 70 F5 00 00 00 00 00 00 00 00 00 00 00 00 00 00 00 00 00 00 00 00 00 00 00 00 00 00 00 00 00 
EB 90 00 12 00 00 61 00 00 00 00 A5 5A 00 00 00 F0 FF 00 00 00 00 00 00 00 00 00 00 00 00 00 00 00 F3 C9 00 00 00 00 00 00 00 00 00 00 00 00 00 00 00 00 00 00 00 00 00 00 00 00 00 00 00 00 00 
EB 90 00 12 00 00 61 00 00 00 00 A5 5A 00 00 00 F0 FF 00 00 00 00 00 00 00 00 00 00 00 00 00 00 00 F3 C9 00 00 00 00 00 00 00 00 00 00 00 00 00 00 00 00 00 00 00 00 00 00 00 00 00 00 00 00 00 
EB 90 00 12 00 00 61 00 00 00 00 A5 5A 00 00 00 F0 FF 00 00 00 00 00 00 00 00 00 00 00 00 00 00 00 F3 C9 00 00 00 00 00 00 00 00 00 00 00 00 00 00 00 00 00 00 00 00 00 00 00 00 00 00 00 00 00 
EB 90 00 12 00 00 61 00 00 00 00 A5 5A 00 00 00 F0 FF 00 00 00 00 00 00 00 00 00 00 00 00 00 00 00 F3 C9 00 00 00 00 00 00 00 00 00 00 00 00 00 00 00 00 00 00 00 00 00 00 00 00 00 00 00 00 00 
EB 90 00 12 00 00 61 00 00 00 00 A5 5A 00 00 00 F0 FF 00 00 00 00 00 00 00 00 00 00 00 00 00 00 00 F3 C9 00 00 00 00 00 00 00 00 00 00 00 00 00 00 00 00 00 00 00 00 00 00 00 00 00 00 00 00 00


起转：
EB 90 00 12 00 00 61 00 00 00 00 A5 5A 00 00 00 F0 47 00 00 00 00 00 00 00 00 00 00 00 00 00 00 00 19 B5 00 00 00 00 00 00 00 00 00 00 00 00 00 00 00 00 00 00 00 00 00 00 00 00 00 00 00 00 00 
EB 90 00 12 00 00 61 00 00 00 00 A5 5A 00 00 00 F0 47 00 00 00 00 00 00 00 00 00 00 00 00 00 00 00 19 B5 00 00 00 00 00 00 00 00 00 00 00 00 00 00 00 00 00 00 00 00 00 00 00 00 00 00 00 00 00 
EB 90 00 12 00 00 61 00 00 00 00 A5 5A 00 00 00 F0 47 00 00 00 00 00 00 00 00 00 00 00 00 00 00 00 19 B5 00 00 00 00 00 00 00 00 00 00 00 00 00 00 00 00 00 00 00 00 00 00 00 00 00 00 00 00 00 
EB 90 00 12 00 00 61 00 00 00 00 A5 5A 00 00 00 F0 FF 00 00 00 00 00 00 00 00 00 00 00 00 00 00 00 F3 C9 00 00 00 00 00 00 00 00 00 00 00 00 00 00 00 00 00 00 00 00 00 00 00 00 00 00 00 00 00 
EB 90 00 12 00 00 61 00 00 00 00 A5 5A 00 00 00 F0 FF 00 00 00 00 00 00 00 00 00 00 00 00 00 00 00 F3 C9 00 00 00 00 00 00 00 00 00 00 00 00 00 00 00 00 00 00 00 00 00 00 00 00 00 00 00 00 00 
EB 90 00 12 00 00 61 00 00 00 00 A5 5A 00 00 00 F0 FF 00 00 00 00 00 00 00 00 00 00 00 00 00 00 00 F3 C9 00 00 00 00 00 00 00 00 00 00 00 00 00 00 00 00 00 00 00 00 00 00 00 00 00 00 00 00 00 
EB 90 00 12 00 00 61 00 00 00 00 A5 5A 00 00 00 F0 FF 00 00 00 00 00 00 00 00 00 00 00 00 00 00 00 F3 C9 00 00 00 00 00 00 00 00 00 00 00 00 00 00 00 00 00 00 00 00 00 00 00 00 00 00 00 00 00 
EB 90 00 12 00 00 61 00 00 00 00 A5 5A 00 00 00 F0 FF 00 00 00 00 00 00 00 00 00 00 00 00 00 00 00 F3 C9 00 00 00 00 00 00 00 00 00 00 00 00 00 00 00 00 00 00 00 00 00 00 00 00 00 00 00 00 00


停桨：
EB 90 00 12 00 00 61 00 00 00 00 A5 5A 00 00 00 F0 4C 00 00 00 00 00 00 00 00 00 00 00 00 00 00 00 D1 4C 00 00 00 00 00 00 00 00 00 00 00 00 00 00 00 00 00 00 00 00 00 00 00 00 00 00 00 00 00 
EB 90 00 12 00 00 61 00 00 00 00 A5 5A 00 00 00 F0 4C 00 00 00 00 00 00 00 00 00 00 00 00 00 00 00 D1 4C 00 00 00 00 00 00 00 00 00 00 00 00 00 00 00 00 00 00 00 00 00 00 00 00 00 00 00 00 00 
EB 90 00 12 00 00 61 00 00 00 00 A5 5A 00 00 00 F0 4C 00 00 00 00 00 00 00 00 00 00 00 00 00 00 00 D1 4C 00 00 00 00 00 00 00 00 00 00 00 00 00 00 00 00 00 00 00 00 00 00 00 00 00 00 00 00 00 
EB 90 00 12 00 00 61 00 00 00 00 A5 5A 00 00 00 F0 FF 00 00 00 00 00 00 00 00 00 00 00 00 00 00 00 F3 C9 00 00 00 00 00 00 00 00 00 00 00 00 00 00 00 00 00 00 00 00 00 00 00 00 00 00 00 00 00 
EB 90 00 12 00 00 61 00 00 00 00 A5 5A 00 00 00 F0 FF 00 00 00 00 00 00 00 00 00 00 00 00 00 00 00 F3 C9 00 00 00 00 00 00 00 00 00 00 00 00 00 00 00 00 00 00 00 00 00 00 00 00 00 00 00 00 00 
EB 90 00 12 00 00 61 00 00 00 00 A5 5A 00 00 00 F0 FF 00 00 00 00 00 00 00 00 00 00 00 00 00 00 00 F3 C9 00 00 00 00 00 00 00 00 00 00 00 00 00 00 00 00 00 00 00 00 00 00 00 00 00 00 00 00 00 
EB 90 00 12 00 00 61 00 00 00 00 A5 5A 00 00 00 F0 FF 00 00 00 00 00 00 00 00 00 00 00 00 00 00 00 F3 C9 00 00 00 00 00 00 00 00 00 00 00 00 00 00 00 00 00 00 00 00 00 00 00 00 00 00 00 00 00 
EB 90 00 12 00 00 61 00 00 00 00 A5 5A 00 00 00 F0 FF 00 00 00 00 00 00 00 00 00 00 00 00 00 00 00 F3 C9 00 00 00 00 00 00 00 00 00 00 00 00 00 00 00 00 00 00 00 00 00 00 00 00 00 00 00 00 00


平飞：
EB 90 00 12 00 00 61 00 00 00 00 A5 5A 00 00 00 F0 4A 00 00 00 00 00 00 00 00 00 00 00 00 00 00 00 6A 8C 00 00 00 00 00 00 00 00 00 00 00 00 00 00 00 00 00 00 00 00 00 00 00 00 00 00 00 00 00 
EB 90 00 12 00 00 61 00 00 00 00 A5 5A 00 00 00 F0 4A 00 00 00 00 00 00 00 00 00 00 00 00 00 00 00 6A 8C 00 00 00 00 00 00 00 00 00 00 00 00 00 00 00 00 00 00 00 00 00 00 00 00 00 00 00 00 00 
EB 90 00 12 00 00 61 00 00 00 00 A5 5A 00 00 00 F0 4A 00 00 00 00 00 00 00 00 00 00 00 00 00 00 00 6A 8C 00 00 00 00 00 00 00 00 00 00 00 00 00 00 00 00 00 00 00 00 00 00 00 00 00 00 00 00 00 
EB 90 00 12 00 00 61 00 00 00 00 A5 5A 00 00 00 F0 FF 00 00 00 00 00 00 00 00 00 00 00 00 00 00 00 F3 C9 00 00 00 00 00 00 00 00 00 00 00 00 00 00 00 00 00 00 00 00 00 00 00 00 00 00 00 00 00 
EB 90 00 12 00 00 61 00 00 00 00 A5 5A 00 00 00 F0 FF 00 00 00 00 00 00 00 00 00 00 00 00 00 00 00 F3 C9 00 00 00 00 00 00 00 00 00 00 00 00 00 00 00 00 00 00 00 00 00 00 00 00 00 00 00 00 00 
EB 90 00 12 00 00 61 00 00 00 00 A5 5A 00 00 00 F0 FF 00 00 00 00 00 00 00 00 00 00 00 00 00 00 00 F3 C9 00 00 00 00 00 00 00 00 00 00 00 00 00 00 00 00 00 00 00 00 00 00 00 00 00 00 00 00 00 
EB 90 00 12 00 00 61 00 00 00 00 A5 5A 00 00 00 F0 FF 00 00 00 00 00 00 00 00 00 00 00 00 00 00 00 F3 C9 00 00 00 00 00 00 00 00 00 00 00 00 00 00 00 00 00 00 00 00 00 00 00 00 00 00 00 00 00 
EB 90 00 12 00 00 61 00 00 00 00 A5 5A 00 00 00 F0 FF 00 00 00 00 00 00 00 00 00 00 00 00 00 00 00 F3 C9 00 00 00 00 00 00 00 00 00 00 00 00 00 00 00 00 00 00 00 00 00 00 00 00 00 00 00 00 00



爬升：
EB 90 00 12 00 00 61 00 00 00 00 A5 5A 00 00 00 F0 49 00 00 00 00 00 00 00 00 00 00 00 00 00 00 00 27 64 00 00 00 00 00 00 00 00 00 00 00 00 00 00 00 00 00 00 00 00 00 00 00 00 00 00 00 00 00 
EB 90 00 12 00 00 61 00 00 00 00 A5 5A 00 00 00 F0 49 00 00 00 00 00 00 00 00 00 00 00 00 00 00 00 27 64 00 00 00 00 00 00 00 00 00 00 00 00 00 00 00 00 00 00 00 00 00 00 00 00 00 00 00 00 00 
EB 90 00 12 00 00 61 00 00 00 00 A5 5A 00 00 00 F0 49 00 00 00 00 00 00 00 00 00 00 00 00 00 00 00 27 64 00 00 00 00 00 00 00 00 00 00 00 00 00 00 00 00 00 00 00 00 00 00 00 00 00 00 00 00 00 
EB 90 00 12 00 00 61 00 00 00 00 A5 5A 00 00 00 F0 FF 00 00 00 00 00 00 00 00 00 00 00 00 00 00 00 F3 C9 00 00 00 00 00 00 00 00 00 00 00 00 00 00 00 00 00 00 00 00 00 00 00 00 00 00 00 00 00 
EB 90 00 12 00 00 61 00 00 00 00 A5 5A 00 00 00 F0 FF 00 00 00 00 00 00 00 00 00 00 00 00 00 00 00 F3 C9 00 00 00 00 00 00 00 00 00 00 00 00 00 00 00 00 00 00 00 00 00 00 00 00 00 00 00 00 00 
EB 90 00 12 00 00 61 00 00 00 00 A5 5A 00 00 00 F0 FF 00 00 00 00 00 00 00 00 00 00 00 00 00 00 00 F3 C9 00 00 00 00 00 00 00 00 00 00 00 00 00 00 00 00 00 00 00 00 00 00 00 00 00 00 00 00 00 
EB 90 00 12 00 00 61 00 00 00 00 A5 5A 00 00 00 F0 FF 00 00 00 00 00 00 00 00 00 00 00 00 00 00 00 F3 C9 00 00 00 00 00 00 00 00 00 00 00 00 00 00 00 00 00 00 00 00 00 00 00 00 00 00 00 00 00 
EB 90 00 12 00 00 61 00 00 00 00 A5 5A 00 00 00 F0 FF 00 00 00 00 00 00 00 00 00 00 00 00 00 00 00 F3 C9 00 00 00 00 00 00 00 00 00 00 00 00 00 00 00 00 00 00 00 00 00 00 00 00 00 00 00 00 00


变大：
EB 90 00 12 00 00 61 00 00 00 00 A5 5A 00 00 00 FD CA 00 00 00 00 00 00 00 00 00 00 00 00 00 00 00 61 50 00 00 00 00 00 00 00 00 00 00 00 00 00 00 00 00 00 00 00 00 00 00 00 00 00 00 00 00 00 
EB 90 00 12 00 00 61 00 00 00 00 A5 5A 00 00 00 FD CA 00 00 00 00 00 00 00 00 00 00 00 00 00 00 00 61 5000 00 00 00 00 00 00 00 00 00 00 00 00 00 00 00 00 00 00 00 00 00 00 00 00 00 00 00 00 
EB 90 00 12 00 00 61 00 00 00 00 A5 5A 00 00 00 FD CA 00 00 00 00 00 00 00 00 00 00 00 00 00 00 00 61 50 00 00 00 00 00 00 00 00 00 00 00 00 00 00 00 00 00 00 00 00 00 00 00 00 00 00 00 00 00 
EB 90 00 12 00 00 61 00 00 00 00 A5 5A 00 00 00 F0 FF 00 00 00 00 00 00 00 00 00 00 00 00 00 00 00 F3 C9 00 00 00 00 00 00 00 00 00 00 00 00 00 00 00 00 00 00 00 00 00 00 00 00 00 00 00 00 00 
EB 90 00 12 00 00 61 00 00 00 00 A5 5A 00 00 00 F0 FF 00 00 00 00 00 00 00 00 00 00 00 00 00 00 00 F3 C9 00 00 00 00 00 00 00 00 00 00 00 00 00 00 00 00 00 00 00 00 00 00 00 00 00 00 00 00 00 


缩小：
EB 90 00 12 00 00 61 00 00 00 00 A5 5A 00 00 00 FD 56 00 00 00 00 00 00 00 00 00 00 00 00 00 00 00 4D EA 00 00 00 00 00 00 00 00 00 00 00 00 00 00 00 00 00 00 00 00 00 00 00 00 00 00 00 00 00 
EB 90 00 12 00 00 61 00 00 00 00 A5 5A 00 00 00 FD 56 00 00 00 00 00 00 00 00 00 00 00 00 00 00 00 4D EA 00 00 00 00 00 00 00 00 00 00 00 00 00 00 00 00 00 00 00 00 00 00 00 00 00 00 00 00 00 
EB 90 00 12 00 00 61 00 00 00 00 A5 5A 00 00 00 FD 56 00 00 00 00 00 00 00 00 00 00 00 00 00 00 00 4D EA 00 00 00 00 00 00 00 00 00 00 00 00 00 00 00 00 00 00 00 00 00 00 00 00 00 00 00 00 00 
EB 90 00 12 00 00 61 00 00 00 00 A5 5A 00 00 00 F0 FF 00 00 00 00 00 00 00 00 00 00 00 00 00 00 00 F3 C9 00 00 00 00 00 00 00 00 00 00 00 00 00 00 00 00 00 00 00 00 00 00 00 00 00 00 00 00 00 
EB 90 00 12 00 00 61 00 00 00 00 A5 5A 00 00 00 F0 FF 00 00 00 00 00 00 00 00 00 00 00 00 00 00 00 F3 C9 00 00 00 00 00 00 00 00 00 00 00 00 00 00 00 00 00 00 00 00 00 00 00 00 00 00 00 00 00 

4M:
EB 90 00 12 00 00 61 00 00 00 00 A5 5A 00 00 00 FD 81 00 00 00 00 00 00 00 00 00 00 00 00 00 00 00 81 25 00 00 00 00 00 00 00 00 00 00 00 00 00 00 00 00 00 00 00 00 00 00 00 00 00 00 00 00 00 
EB 90 00 12 00 00 61 00 00 00 00 A5 5A 00 00 00 FD 81 00 00 00 00 00 00 00 00 00 00 00 00 00 00 00 81 25 00 00 00 00 00 00 00 00 00 00 00 00 00 00 00 00 00 00 00 00 00 00 00 00 00 00 00 00 00 
EB 90 00 12 00 00 61 00 00 00 00 A5 5A 00 00 00 FD 81 00 00 00 00 00 00 00 00 00 00 00 00 00 00 00 81 25 00 00 00 00 00 00 00 00 00 00 00 00 00 00 00 00 00 00 00 00 00 00 00 00 00 00 00 00 00 
EB 90 00 12 00 00 61 00 00 00 00 A5 5A 00 00 00 F0 FF 00 00 00 00 00 00 00 00 00 00 00 00 00 00 00 F3 C9 00 00 00 00 00 00 00 00 00 00 00 00 00 00 00 00 00 00 00 00 00 00 00 00 00 00 00 00 00 
EB 90 00 12 00 00 61 00 00 00 00 A5 5A 00 00 00 F0 FF 00 00 00 00 00 00 00 00 00 00 00 00 00 00 00 F3 C9 00 00 00 00 00 00 00 00 00 00 00 00 00 00 00 00 00 00 00 00 00 00 00 00 00 00 00 00 00 

2M:
EB 90 00 12 00 00 61 00 00 00 00 A5 5A 00 00 00 FD FF 00 00 00 00 00 00 00 00 00 00 00 00 00 00 00 89 1D 00 00 00 00 00 00 00 00 00 00 00 00 00 00 00 00 00 00 00 00 00 00 00 00 00 00 00 00 00 
EB 90 00 12 00 00 61 00 00 00 00 A5 5A 00 00 00 FD FF 00 00 00 00 00 00 00 00 00 00 00 00 00 00 00 89 1D 00 00 00 00 00 00 00 00 00 00 00 00 00 00 00 00 00 00 00 00 00 00 00 00 00 00 00 00 00 
EB 90 00 12 00 00 61 00 00 00 00 A5 5A 00 00 00 FD FF 00 00 00 00 00 00 00 00 00 00 00 00 00 00 00 89 1D 00 00 00 00 00 00 00 00 00 00 00 00 00 00 00 00 00 00 00 00 00 00 00 00 00 00 00 00 00 
EB 90 00 12 00 00 61 00 00 00 00 A5 5A 00 00 00 F0 FF 00 00 00 00 00 00 00 00 00 00 00 00 00 00 00 F3 C9 00 00 00 00 00 00 00 00 00 00 00 00 00 00 00 00 00 00 00 00 00 00 00 00 00 00 00 00 00 
EB 90 00 12 00 00 61 00 00 00 00 A5 5A 00 00 00 F0 FF 00 00 00 00 00 00 00 00 00 00 00 00 00 00 00 F3 C9 00 00 00 00 00 00 00 00 00 00 00 00 00 00 00 00 00 00 00 00 00 00 00 00 00 00 00 00 00 

停车：
EB 90 00 12 00 00 61 00 00 00 00 A5 5A 00 00 00 FD 9B 00 00 00 00 00 00 00 00 00 00 00 00 00 00 00 67 57 00 00 00 00 00 00 00 00 00 00 00 00 00 00 00 00 00 00 00 00 00 00 00 00 00 00 00 00 00 
EB 90 00 12 00 00 61 00 00 00 00 A5 5A 00 00 00 FD 9B 00 00 00 00 00 00 00 00 00 00 00 00 00 00 00 67 57 00 00 00 00 00 00 00 00 00 00 00 00 00 00 00 00 00 00 00 00 00 00 00 00 00 00 00 00 00 
EB 90 00 12 00 00 61 00 00 00 00 A5 5A 00 00 00 FD 9B 00 00 00 00 00 00 00 00 00 00 00 00 00 00 00 67 57  00 00 00 00 00 00 00 00 00 00 00 00 00 00 00 00 00 00 00 00 00 00 00 00 00 00 00 00 00 
EB 90 00 12 00 00 61 00 00 00 00 A5 5A 00 00 00 F0 FF 00 00 00 00 00 00 00 00 00 00 00 00 00 00 00 F3 C9 00 00 00 00 00 00 00 00 00 00 00 00 00 00 00 00 00 00 00 00 00 00 00 00 00 00 00 00 00 
EB 90 00 12 00 00 61 00 00 00 00 A5 5A 00 00 00 F0 FF 00 00 00 00 00 00 00 00 00 00 00 00 00 00 00 F3 C9 00 00 00 00 00 00 00 00 00 00 00 00 00 00 00 00 00 00 00 00 00 00 00 00 00 00 00 00 00 


居中：
EB 90 00 12 00 00 61 00 00 00 00 A5 5A 00 00 00 FD 45 00 00 00 00 00 00 00 00 00 00 00 00 00 00 00 0A 21 00 00 00 00 00 00 00 00 00 00 00 00 00 00 00 00 00 00 00 00 00 00 00 00 00 00 00 00 00 
EB 90 00 12 00 00 61 00 00 00 00 A5 5A 00 00 00 FD 45 00 00 00 00 00 00 00 00 00 00 00 00 00 00 00 0A 21 00 00 00 00 00 00 00 00 00 00 00 00 00 00 00 00 00 00 00 00 00 00 00 00 00 00 00 00 00 
EB 90 00 12 00 00 61 00 00 00 00 A5 5A 00 00 00 FD 45 00 00 00 00 00 00 00 00 00 00 00 00 00 00 00 0A 21 00 00 00 00 00 00 00 00 00 00 00 00 00 00 00 00 00 00 00 00 00 00 00 00 00 00 00 00 00 
EB 90 00 12 00 00 61 00 00 00 00 A5 5A 00 00 00 F0 FF 00 00 00 00 00 00 00 00 00 00 00 00 00 00 00 F3 C9 00 00 00 00 00 00 00 00 00 00 00 00 00 00 00 00 00 00 00 00 00 00 00 00 00 00 00 00 00 
EB 90 00 12 00 00 61 00 00 00 00 A5 5A 00 00 00 F0 FF 00 00 00 00 00 00 00 00 00 00 00 00 00 00 00 F3 C9 00 00 00 00 00 00 00 00 00 00 00 00 00 00 00 00 00 00 00 00 00 00 00 00 00 00 00 00 00 

红外:
EB 90 00 12 00 00 61 00 00 00 00 A5 5A 00 00 00 FD 33 00 00 00 00 00 00 00 00 00 00 00 00 00 00 00 87 08 00 00 00 00 00 00 00 00 00 00 00 00 00 00 00 00 00 00 00 00 00 00 00 00 00 00 00 00 00 
EB 90 00 12 00 00 61 00 00 00 00 A5 5A 00 00 00 FD 33 00 00 00 00 00 00 00 00 00 00 00 00 00 00 00 87 08 00 00 00 00 00 00 00 00 00 00 00 00 00 00 00 00 00 00 00 00 00 00 00 00 00 00 00 00 00 
EB 90 00 12 00 00 61 00 00 00 00 A5 5A 00 00 00 FD 33 00 00 00 00 00 00 00 00 00 00 00 00 00 00 00 87 08 00 00 00 00 00 00 00 00 00 00 00 00 00 00 00 00 00 00 00 00 00 00 00 00 00 00 00 00 00 
EB 90 00 12 00 00 61 00 00 00 00 A5 5A 00 00 00 F0 FF 00 00 00 00 00 00 00 00 00 00 00 00 00 00 00 F3 C9 00 00 00 00 00 00 00 00 00 00 00 00 00 00 00 00 00 00 00 00 00 00 00 00 00 00 00 00 00 
EB 90 00 12 00 00 61 00 00 00 00 A5 5A 00 00 00 F0 FF 00 00 00 00 00 00 00 00 00 00 00 00 00 00 00 F3 C9 00 00 00 00 00 00 00 00 00 00 00 00 00 00 00 00 00 00 00 00 00 00 00 00 00 00 00 00 00 

可见光：
EB 90 00 12 00 00 61 00 00 00 00 A5 5A 00 00 00 FD 31 00 00 00 00 00 00 00 00 00 00 00 00 00 00 00 EE 48 00 00 00 00 00 00 00 00 00 00 00 00 00 00 00 00 00 00 00 00 00 00 00 00 00 00 00 00 00 
EB 90 00 12 00 00 61 00 00 00 00 A5 5A 00 00 00 FD 31 00 00 00 00 00 00 00 00 00 00 00 00 00 00 00 EE 48 00 00 00 00 00 00 00 00 00 00 00 00 00 00 00 00 00 00 00 00 00 00 00 00 00 00 00 00 00 
EB 90 00 12 00 00 61 00 00 00 00 A5 5A 00 00 00 FD 31 00 00 00 00 00 00 00 00 00 00 00 00 00 00 00 EE 48 00 00 00 00 00 00 00 00 00 00 00 00 00 00 00 00 00 00 00 00 00 00 00 00 00 00 00 00 00 
EB 90 00 12 00 00 61 00 00 00 00 A5 5A 00 00 00 F0 FF 00 00 00 00 00 00 00 00 00 00 00 00 00 00 00 F3 C9 00 00 00 00 00 00 00 00 00 00 00 00 00 00 00 00 00 00 00 00 00 00 00 00 00 00 00 00 00 
EB 90 00 12 00 00 61 00 00 00 00 A5 5A 00 00 00 F0 FF 00 00 00 00 00 00 00 00 00 00 00 00 00 00 00 F3 C9 00 00 00 00 00 00 00 00 00 00 00 00 00 00 00 00 00 00 00 00 00 00 00 00 00 00 00 00 00 

白热:
EB 90 00 12 00 00 61 00 00 00 00 A5 5A 00 00 00 FD 4D 00 00 00 00 00 00 00 00 00 00 00 00 00 00 00 8F 30 00 00 00 00 00 00 00 00 00 00 00 00 00 00 00 00 00 00 00 00 00 00 00 00 00 00 00 00 00 
EB 90 00 12 00 00 61 00 00 00 00 A5 5A 00 00 00 FD 4D 00 00 00 00 00 00 00 00 00 00 00 00 00 00 00 8F 30 00 00 00 00 00 00 00 00 00 00 00 00 00 00 00 00 00 00 00 00 00 00 00 00 00 00 00 00 00 
EB 90 00 12 00 00 61 00 00 00 00 A5 5A 00 00 00 FD 4D 00 00 00 00 00 00 00 00 00 00 00 00 00 00 00 8F 30 00 00 00 00 00 00 00 00 00 00 00 00 00 00 00 00 00 00 00 00 00 00 00 00 00 00 00 00 00 
EB 90 00 12 00 00 61 00 00 00 00 A5 5A 00 00 00 F0 FF 00 00 00 00 00 00 00 00 00 00 00 00 00 00 00 F3 C9 00 00 00 00 00 00 00 00 00 00 00 00 00 00 00 00 00 00 00 00 00 00 00 00 00 00 00 00 00 
EB 90 00 12 00 00 61 00 00 00 00 A5 5A 00 00 00 F0 FF 00 00 00 00 00 00 00 00 00 00 00 00 00 00 00 F3 C9 00 00 00 00 00 00 00 00 00 00 00 00 00 00 00 00 00 00 00 00 00 00 00 00 00 00 00 00 00 

黑热：
EB 90 00 12 00 00 61 00 00 00 00 A5 5A 00 00 00 FD 4E 00 00 00 00 00 00 00 00 00 00 00 00 00 00 00 C2 D8 00 00 00 00 00 00 00 00 00 00 00 00 00 00 00 00 00 00 00 00 00 00 00 00 00 00 00 00 00 
EB 90 00 12 00 00 61 00 00 00 00 A5 5A 00 00 00 FD 4E 00 00 00 00 00 00 00 00 00 00 00 00 00 00 00 C2 D8 00 00 00 00 00 00 00 00 00 00 00 00 00 00 00 00 00 00 00 00 00 00 00 00 00 00 00 00 00 
EB 90 00 12 00 00 61 00 00 00 00 A5 5A 00 00 00 FD 4E 00 00 00 00 00 00 00 00 00 00 00 00 00 00 00 C2 D8 00 00 00 00 00 00 00 00 00 00 00 00 00 00 00 00 00 00 00 00 00 00 00 00 00 00 00 00 00 
EB 90 00 12 00 00 61 00 00 00 00 A5 5A 00 00 00 F0 FF 00 00 00 00 00 00 00 00 00 00 00 00 00 00 00 F3 C9 00 00 00 00 00 00 00 00 00 00 00 00 00 00 00 00 00 00 00 00 00 00 00 00 00 00 00 00 00 
EB 90 00 12 00 00 61 00 00 00 00 A5 5A 00 00 00 F0 FF 00 00 00 00 00 00 00 00 00 00 00 00 00 00 00 F3 C9 00 00 00 00 00 00 00 00 00 00 00 00 00 00 00 00 00 00 00 00 00 00 00 00 00 00 00 00 00 

引信上电：待验证
EB 90 00 12 00 00 61 00 00 00 00 A5 5A 00 00 00 F0 CA 00 00 00 00 00 00 00 00 00 00 00 00 00 00 00 1B 84 00 00 00 00 00 00 00 00 00 00 00 00 00 00 00 00 00 00 00 00 00 00 00 00 00 00 00 00 00 
EB 90 00 12 00 00 61 00 00 00 00 A5 5A 00 00 00 F0 CA 00 00 00 00 00 00 00 00 00 00 00 00 00 00 00 1B 84 00 00 00 00 00 00 00 00 00 00 00 00 00 00 00 00 00 00 00 00 00 00 00 00 00 00 00 00 00 
EB 90 00 12 00 00 61 00 00 00 00 A5 5A 00 00 00 F0 CA 00 00 00 00 00 00 00 00 00 00 00 00 00 00 00 1B 84 00 00 00 00 00 00 00 00 00 00 00 00 00 00 00 00 00 00 00 00 00 00 00 00 00 00 00 00 00 
EB 90 00 12 00 00 61 00 00 00 00 A5 5A 00 00 00 F0 FF 00 00 00 00 00 00 00 00 00 00 00 00 00 00 00 F3 C9 00 00 00 00 00 00 00 00 00 00 00 00 00 00 00 00 00 00 00 00 00 00 00 00 00 00 00 00 00 
EB 90 00 12 00 00 61 00 00 00 00 A5 5A 00 00 00 F0 FF 00 00 00 00 00 00 00 00 00 00 00 00 00 00 00 F3 C9 00 00 00 00 00 00 00 00 00 00 00 00 00 00 00 00 00 00 00 00 00 00 00 00 00 00 00 00 00 

引信下电：待验证
EB 90 00 12 00 00 61 00 00 00 00 A5 5A 00 00 00 F0 CB 00 00 00 00 00 00 00 00 00 00 00 00 00 00 00 3F 2C 00 00 00 00 00 00 00 00 00 00 00 00 00 00 00 00 00 00 00 00 00 00 00 00 00 00 00 00 00 
EB 90 00 12 00 00 61 00 00 00 00 A5 5A 00 00 00 F0 CB 00 00 00 00 00 00 00 00 00 00 00 00 00 00 00 3F 2C 00 00 00 00 00 00 00 00 00 00 00 00 00 00 00 00 00 00 00 00 00 00 00 00 00 00 00 00 00 
EB 90 00 12 00 00 61 00 00 00 00 A5 5A 00 00 00 F0 CB 00 00 00 00 00 00 00 00 00 00 00 00 00 00 00 3F 2C 00 00 00 00 00 00 00 00 00 00 00 00 00 00 00 00 00 00 00 00 00 00 00 00 00 00 00 00 00 
EB 90 00 12 00 00 61 00 00 00 00 A5 5A 00 00 00 F0 FF 00 00 00 00 00 00 00 00 00 00 00 00 00 00 00 F3 C9 00 00 00 00 00 00 00 00 00 00 00 00 00 00 00 00 00 00 00 00 00 00 00 00 00 00 00 00 00 
EB 90 00 12 00 00 61 00 00 00 00 A5 5A 00 00 00 F0 FF 00 00 00 00 00 00 00 00 00 00 00 00 00 00 00 F3 C9 00 00 00 00 00 00 00 00 00 00 00 00 00 00 00 00 00 00 00 00 00 00 00 00 00 00 00 00 00 

原点装订：待验证
EB 90 00 12 00 00 61 00 00 00 00 A5 5A 00 00 00 F2 48 B6 16 45 30 94 0F 18 00 00 00 00 00 00 00 00 3E 93 00 00 00 00 00 00 00 00 00 00 00 00 00 00 00 00 00 00 00 00 00 00 00 00 00 00 00 00 00
EB 90 00 12 00 00 61 00 00 00 00 A5 5A 00 00 00 F2 48 B6 16 45 30 94 0F 18 00 00 00 00 00 00 00 00 3E 93 00 00 00 00 00 00 00 00 00 00 00 00 00 00 00 00 00 00 00 00 00 00 00 00 00 00 00 00 00
EB 90 00 12 00 00 61 00 00 00 00 A5 5A 00 00 00 F2 48 B6 16 45 30 94 0F 18 00 00 00 00 00 00 00 00 3E 93 00 00 00 00 00 00 00 00 00 00 00 00 00 00 00 00 00 00 00 00 00 00 00 00 00 00 00 00 00
EB 90 00 12 00 00 61 00 00 00 00 A5 5A 00 00 00 F0 FF 00 00 00 00 00 00 00 00 00 00 00 00 00 00 00 F3 C9 00 00 00 00 00 00 00 00 00 00 00 00 00 00 00 00 00 00 00 00 00 00 00 00 00 00 00 00 00 
EB 90 00 12 00 00 61 00 00 00 00 A5 5A 00 00 00 F0 FF 00 00 00 00 00 00 00 00 00 00 00 00 00 00 00 F3 C9 00 00 00 00 00 00 00 00 00 00 00 00 00 00 00 00 00 00 00 00 00 00 00 00 00 00 00 00 00 


加速度装订：
EB 90 00 12 00 00 61	00 00 00 00 A5 5A 00 00 00 DB 00 03 00 00 00 00 00 00 00 00 00 00 00 00 00 00 9A DB 00 00 00 00 00 00 00 00 00 00 00 00 00 00 00 00 00 00 00 00 00 00 00 00 00 00 00 00 00
EB 90 00 12 00 00 61	00 00 00 00 A5 5A 00 00 00 DB 00 03 00 00 00 00 00 00 00 00 00 00 00 00 00 00 9A DB 00 00 00 00 00 00 00 00 00 00 00 00 00 00 00 00 00 00 00 00 00 00 00 00 00 00 00 00 00
EB 90 00 12 00 00 61	00 00 00 00 A5 5A 00 00 00 DB 00 03 00 00 00 00 00 00 00 00 00 00 00 00 00 00 9A DB 00 00 00 00 00 00 00 00 00 00 00 00 00 00 00 00 00 00 00 00 00 00 00 00 00 00 00 00 00
EB 90 00 12 00 00 61 00 00 00 00 A5 5A 00 00 00 F0 FF 00 00 00 00 00 00 00 00 00 00 00 00 00 00 00 F3 C9 00 00 00 00 00 00 00 00 00 00 00 00 00 00 00 00 00 00 00 00 00 00 00 00 00 00 00 00 00 
EB 90 00 12 00 00 61 00 00 00 00 A5 5A 00 00 00 F0 FF 00 00 00 00 00 00 00 00 00 00 00 00 00 00 00 F3 C9 00 00 00 00 00 00 00 00 00 00 00 00 00 00 00 00 00 00 00 00 00 00 00 00 00 00 00 00 00 

空速装订：1.02
eb 90 00 12 00 00 61 00 00 00 00 a5 5a 00 00 00 D3 FC 03 00 00 00 00 00 00 00 00 00 00 00 00 00 00 BF CF 00 00 00 00 00 00 00 00 00 00 00 00 00 00 00 00 00 00 00 00 00 00 00 00 00 00 00 00 00 
eb 90 00 12 00 00 61 00 00 00 00 a5 5a 00 00 00 D3 FC 03 00 00 00 00 00 00 00 00 00 00 00 00 00 00 BF CF 00 00 00 00 00 00 00 00 00 00 00 00 00 00 00 00 00 00 00 00 00 00 00 00 00 00 00 00 00 
eb 90 00 12 00 00 61 00 00 00 00 a5 5a 00 00 00 D3 FC 03 00 00 00 00 00 00 00 00 00 00 00 00 00 00 BF CF 00 00 00 00 00 00 00 00 00 00 00 00 00 00 00 00 00 00 00 00 00 00 00 00 00 00 00 00 00 
eb 90 00 12 00 00 61 00 00 00 00 a5 5a 00 00 00 f0 ff 00 00 00 00 00 00 00 00 00 00 00 00 00 00 00 f3 c9 00 00 00 00 00 00 00 00 00 00 00 00 00 00 00 00 00 00 00 00 00 00 00 00 00 00 00 00 00 
eb 90 00 12 00 00 61 00 00 00 00 a5 5a 00 00 00 f0 ff 00 00 00 00 00 00 00 00 00 00 00 00 00 00 00 f3 c9 00 00 00 00 00 00 00 00 00 00 00 00 00 00 00 00 00 00 00 00 00 00 00 00 00 00 00 00 00

小功率：
EB 90 00 00 00 00 6E	00 00 00 00 00 00 00 9A 9A 01 01 00 00 00 00 00 00 00 00 00 00 00 00 00 00 00 00 00 00 00 00 00 00 00 00 00 00 00 00 00 00 00 00 00 00 00 00 00 00 00 00 00 00 00 00 00 00
EB 90 00 00 00 00 6E	00 00 00 00 00 00 00 9A 9A 01 01 00 00 00 00 00 00 00 00 00 00 00 00 00 00 00 00 00 00 00 00 00 00 00 00 00 00 00 00 00 00 00 00 00 00 00 00 00 00 00 00 00 00 00 00 00 00
EB 90 00 00 00 00 6E	00 00 00 00 00 00 00 9A 9A 01 01 00 00 00 00 00 00 00 00 00 00 00 00 00 00 00 00 00 00 00 00 00 00 00 00 00 00 00 00 00 00 00 00 00 00 00 00 00 00 00 00 00 00 00 00 00 00
eb 90 00 12 00 00 61 00 00 00 00 a5 5a 00 00 00 f0 ff 00 00 00 00 00 00 00 00 00 00 00 00 00 00 00 f3 c9 00 00 00 00 00 00 00 00 00 00 00 00 00 00 00 00 00 00 00 00 00 00 00 00 00 00 00 00 00 
eb 90 00 12 00 00 61 00 00 00 00 a5 5a 00 00 00 f0 ff 00 00 00 00 00 00 00 00 00 00 00 00 00 00 00 f3 c9 00 00 00 00 00 00 00 00 00 00 00 00 00 00 00 00 00 00 00 00 00 00 00 00 00 00 00 00 00

大功率：
EB 90 00 00 00 00 6E 00 00 00 00 00 00 00 9A 9A 03 03 00 00 00 00 00 00 00 00 00 00 00 00 00 00 00 00 00 00 00 00 00 00 00 00 00 00 00 00 00 00 00 00 00 00 00 00 00 00 00 00 00 00 00 00 00 00
EB 90 00 00 00 00 6E 00 00 00 00 00 00 00 9A 9A 03 03 00 00 00 00 00 00 00 00 00 00 00 00 00 00 00 00 00 00 00 00 00 00 00 00 00 00 00 00 00 00 00 00 00 00 00 00 00 00 00 00 00 00 00 00 00 00
EB 90 00 00 00 00 6E 00 00 00 00 00 00 00 9A 9A 03 03 00 00 00 00 00 00 00 00 00 00 00 00 00 00 00 00 00 00 00 00 00 00 00 00 00 00 00 00 00 00 00 00 00 00 00 00 00 00 00 00 00 00 00 00 00 00
eb 90 00 12 00 00 61 00 00 00 00 a5 5a 00 00 00 f0 ff 00 00 00 00 00 00 00 00 00 00 00 00 00 00 00 f3 c9 00 00 00 00 00 00 00 00 00 00 00 00 00 00 00 00 00 00 00 00 00 00 00 00 00 00 00 00 00 
eb 90 00 12 00 00 61 00 00 00 00 a5 5a 00 00 00 f0 ff 00 00 00 00 00 00 00 00 00 00 00 00 00 00 00 f3 c9 00 00 00 00 00 00 00 00 00 00 00 00 00 00 00 00 00 00 00 00 00 00 00 00 00 00 00 00 00

链路2：
EB 90 00 00 00 00 6E 00 00 00 00 00 00 00 93 93 02 02 00 00 00 00 00 00 00 00 00 00 00 00 00 00 00 00 00 00 00 00 00 00 00 00 00 00 00 00 00 00 00 00 00 00 00 00 00 00 00 00 00 00 00 00 00 00
EB 90 00 00 00 00 6E 00 00 00 00 00 00 00 93 93 02 02 00 00 00 00 00 00 00 00 00 00 00 00 00 00 00 00 00 00 00 00 00 00 00 00 00 00 00 00 00 00 00 00 00 00 00 00 00 00 00 00 00 00 00 00 00 00
EB 90 00 00 00 00 6E 00 00 00 00 00 00 00 93 93 02 02 00 00 00 00 00 00 00 00 00 00 00 00 00 00 00 00 00 00 00 00 00 00 00 00 00 00 00 00 00 00 00 00 00 00 00 00 00 00 00 00 00 00 00 00 00 00
eb 90 00 12 00 00 61 00 00 00 00 a5 5a 00 00 00 f0 ff 00 00 00 00 00 00 00 00 00 00 00 00 00 00 00 f3 c9 00 00 00 00 00 00 00 00 00 00 00 00 00 00 00 00 00 00 00 00 00 00 00 00 00 00 00 00 00 
eb 90 00 12 00 00 61 00 00 00 00 a5 5a 00 00 00 f0 ff 00 00 00 00 00 00 00 00 00 00 00 00 00 00 00 f3 c9 00 00 00 00 00 00 00 00 00 00 00 00 00 00 00 00 00 00 00 00 00 00 00 00 00 00 00 00 00


左右扫描30度/秒 水平0：
EB 90 00 12 00 00 61 00 00 00 00 A5 5A 00 00 00 FE C9 00 00 00 2C 01 00 00 00 00 00 00 00 00 00 00 9F 29 00 00 00 00 00 00 00 00 00 00 00 00 00 00 00 00 00 00 00 00 00 00 00 00 00 00 00 00 00
EB 90 00 12 00 00 61 00 00 00 00 A5 5A 00 00 00 FE C9 00 00 00 2C 01 00 00 00 00 00 00 00 00 00 00 9F 29 00 00 00 00 00 00 00 00 00 00 00 00 00 00 00 00 00 00 00 00 00 00 00 00 00 00 00 00 00
EB 90 00 12 00 00 61 00 00 00 00 A5 5A 00 00 00 FE C9 00 00 00 2C 01 00 00 00 00 00 00 00 00 00 00 9F 29 00 00 00 00 00 00 00 00 00 00 00 00 00 00 00 00 00 00 00 00 00 00 00 00 00 00 00 00 00
EB 90 00 12 00 00 61 00 00 00 00 A5 5A 00 00 00 FD FF 00 00 00 00 00 00 00 00 00 00 00 00 00 00 00 89 1D 00 00 00 00 00 00 00 00 00 00 00 00 00 00 00 00 00 00 00 00 00 00 00 00 00 00 00 00 00
EB 90 00 12 00 00 61 00 00 00 00 A5 5A 00 00 00 FD FF 00 00 00 00 00 00 00 00 00 00 00 00 00 00 00 89 1D 00 00 00 00 00 00 00 00 00 00 00 00 00 00 00 00 00 00 00 00 00 00 00 00 00 00 00 00 00

舵面查询：左前翼
EB 90 00 12 00 00 61 00 00 00 00 A5 5A 00 00 00 DE 01 00 00 00 00 00 00 00 00 00 00 00 00 00 00 00 D4 20 00 00 00 00 00 00 00 00 00 00 00 00 00 00 00 00 00 00 00 00 00 00 00 00 00 00 00 00 00
右副翼：
EB 90 00 12 00 00 61 00 00 00 00 A5 5A 00 00 00 DE 02 00 00 00 00 00 00 00 00 00 00 00 00 00 00 00 99 C8 00 00 00 00 00 00 00 00 00 00 00 00 00 00 00 00 00 00 00 00 00 00 00 00 00 00 00 00 00
左垂尾：
EB 90 00 12 00 00 61 00 00 00 00 A5 5A 00 00 00 DE 03 00 00 00 00 00 00 00 00 00 00 00 00 00 00 00 BD 60 00 00 00 00 00 00 00 00 00 00 00 00 00 00 00 00 00 00 00 00 00 00 00 00 00 00 00 00 00
右垂尾：
EB 90 00 12 00 00 61 00 00 00 00 A5 5A 00 00 00 DE 04 00 00 00 00 00 00 00 00 00 00 00 00 00 00 00 22 08 00 00 00 00 00 00 00 00 00 00 00 00 00 00 00 00 00 00 00 00 00 00 00 00 00 00 00 00 00



数引：
EB 90 00 12 00 00 61 00 00 00 00 A5 5A 00 00 00 FE 19 00 50 00 84 03 00 00 00 00 00 00 00 00 00 00 9E 1C 00 00 00 00 00 00 00 00 00 00 00 00 00 00 00 00 00 00 00 00 00 00 00 00 00 00 00 00 00
EB 90 00 12 00 00 61 00 00 00 00 A5 5A 00 00 00 FE 19 00 50 00 84 03 00 00 00 00 00 00 00 00 00 00 9E 1C 00 00 00 00 00 00 00 00 00 00 00 00 00 00 00 00 00 00 00 00 00 00 00 00 00 00 00 00 00
EB 90 00 12 00 00 61 00 00 00 00 A5 5A 00 00 00 FE 19 00 50 00 84 03 00 00 00 00 00 00 00 00 00 00 9E 1C 00 00 00 00 00 00 00 00 00 00 00 00 00 00 00 00 00 00 00 00 00 00 00 00 00 00 00 00 00
EB 90 00 12 00 00 61 00 00 00 00 A5 5A 00 00 00 FD FF 00 00 00 00 00 00 00 00 00 00 00 00 00 00 00 89 1D 00 00 00 00 00 00 00 00 00 00 00 00 00 00 00 00 00 00 00 00 00 00 00 00 00 00 00 00 00
EB 90 00 12 00 00 61 00 00 00 00 A5 5A 00 00 00 FD FF 00 00 00 00 00 00 00 00 00 00 00 00 00 00 00 89 1D 00 00 00 00 00 00 00 00 00 00 00 00 00 00 00 00 00 00 00 00 00 00 00 00 00 00 00 00 00



查询版本：
EB 90 00 12 00 00 61 00 00 00 00 A5 5A 00 00 00 F0 C1 00 00 00 00 00 00 00 00 00 00 00 00 00 00 00 D3 7D 00 00 00 00 00 00 00 00 00 00 00 00 00 00 00 00 00 00 00 00 00 00 00 00 00 00 00 00 00 
EB 90 00 12 00 00 61 00 00 00 00 A5 5A 00 00 00 F0 C1 00 00 00 00 00 00 00 00 00 00 00 00 00 00 00 D3 7D 00 00 00 00 00 00 00 00 00 00 00 00 00 00 00 00 00 00 00 00 00 00 00 00 00 00 00 00 00 
EB 90 00 12 00 00 61 00 00 00 00 A5 5A 00 00 00 F0 C1 00 00 00 00 00 00 00 00 00 00 00 00 00 00 00 D3 7D 00 00 00 00 00 00 00 00 00 00 00 00 00 00 00 00 00 00 00 00 00 00 00 00 00 00 00 00 00 
EB 90 00 12 00 00 61 00 00 00 00 A5 5A 00 00 00 F0 FF 00 00 00 00 00 00 00 00 00 00 00 00 00 00 00 F3 C9 00 00 00 00 00 00 00 00 00 00 00 00 00 00 00 00 00 00 00 00 00 00 00 00 00 00 00 00 00 
EB 90 00 12 00 00 61 00 00 00 00 A5 5A 00 00 00 F0 FF 00 00 00 00 00 00 00 00 00 00 00 00 00 00 00 F3 C9 00 00 00 00 00 00 00 00 00 00 00 00 00 00 00 00 00 00 00 00 00 00 00 00 00 00 00 00 00 

飞控版本日期：
EB 90 00 12 00 00 61 00 00 00 00 A5 5A 00 00 00 D6 1B 00 00 00 00 00 00 00 00 00 00 00 00 00 00 00 22 D5 00 00 00 00 00 00 00 00 00 00 00 00 00 00 00 00 00 00 00 00 00 00 00 00 00 00 00 00 00 
EB 90 00 12 00 00 61 00 00 00 00 A5 5A 00 00 00 D6 1B 00 00 00 00 00 00 00 00 00 00 00 00 00 00 00 22 D5 00 00 00 00 00 00 00 00 00 00 00 00 00 00 00 00 00 00 00 00 00 00 00 00 00 00 00 00 00 
EB 90 00 12 00 00 61 00 00 00 00 A5 5A 00 00 00 D6 1B 00 00 00 00 00 00 00 00 00 00 00 00 00 00 00 22 D5 00 00 00 00 00 00 00 00 00 00 00 00 00 00 00 00 00 00 00 00 00 00 00 00 00 00 00 00 00 
EB 90 00 12 00 00 61 00 00 00 00 A5 5A 00 00 00 F0 FF 00 00 00 00 00 00 00 00 00 00 00 00 00 00 00 F3 C9 00 00 00 00 00 00 00 00 00 00 00 00 00 00 00 00 00 00 00 00 00 00 00 00 00 00 00 00 00 
EB 90 00 12 00 00 61 00 00 00 00 A5 5A 00 00 00 F0 FF 00 00 00 00 00 00 00 00 00 00 00 00 00 00 00 F3 C9 00 00 00 00 00 00 00 00 00 00 00 00 00 00 00 00 00 00 00 00 00 00 00 00 00 00 00 00 00



EB 90 00 24 5C C1 6E 00 00 00 00 00 00 00 9E 9E 00 24 00 00 00 00 00 00 00 00 00 00 00 00 00 00 00 00 00 00 00 00 00 00 00 00 00 00 00 00 00 00 00 00 00 00 00 00 00 00 00 00 00 00 00 00 00 00



